3.601450495718455613e+01
3.601450495718455613e+01
3.601450495718455613e+01
3.601450495718455613e+01
3.601450495718455613e+01
3.601450495718455613e+01
3.601450495718455613e+01
3.601450495718455613e+01
3.601450495718455613e+01
3.601450495718455613e+01
3.601450495718455613e+01
3.601450495718455613e+01
3.601450495718455613e+01
3.601450495718455613e+01
3.601450495718455613e+01
3.601450495718455613e+01
3.601450495718455613e+01
3.601450495718455613e+01
3.601450495718455613e+01
3.601450495718455613e+01
3.601450495718455613e+01
3.601450495718455613e+01
3.601450495718455613e+01
3.601450495718455613e+01
3.601450495718455613e+01
3.601450495718455613e+01
3.601450495718455613e+01
3.601450495718455613e+01
3.601450495718455613e+01
3.601450495718455613e+01
3.601450495718455613e+01
3.601450495718455613e+01
3.601450495718455613e+01
3.601450495718455613e+01
3.601450495718455613e+01
3.601450495718455613e+01
3.601450495718455613e+01
3.601450495718455613e+01
3.601450495718455613e+01
3.601450495718455613e+01
3.601450495718455613e+01
3.601450495718455613e+01
3.601450495718455613e+01
3.601450495718455613e+01
3.601450495718455613e+01
3.601450495718455613e+01
3.601450495718455613e+01
3.601450495718455613e+01
3.601450495718455613e+01
3.601450495718455613e+01
3.601450495718455613e+01
3.601450495718455613e+01
3.601450495718455613e+01
3.601450495718455613e+01
3.601450495718455613e+01
3.601450495718455613e+01
3.601450495718455613e+01
3.601450495718455613e+01
3.601450495718455613e+01
3.601450495718455613e+01
3.601450495718455613e+01
3.601450495718455613e+01
3.601450495718455613e+01
3.601450495718455613e+01
3.601450495718455613e+01
3.601450495718455613e+01
3.601450495718455613e+01
3.601450495718455613e+01
3.601450495718455613e+01
3.601450495718455613e+01
3.601450495718455613e+01
